2023   1  0   5.6   2.4
2023   1  1   5.0   2.6
2023   1  2   5.2   2.6
2023   1  3   5.0   2.4
2023   1  4   4.9   2.5
2023   1  5   4.8   2.5
2023   1  6   4.8   2.3
2023   1  7   4.8   2.2
2023   1  8   4.8   2.4
2023   1  9   4.9   2.4
2023   1 10   5.0   2.3
2023   1 11   4.8   2.4
2023   1 12   4.7   2.4
2023   1 13   4.7   2.7
2023   1 14   4.7   2.6
2023   1 15   4.7   2.6
2023   1 16   4.5   2.7
2023   1 17   3.9   2.9
2023   1 18   4.2   3.0
2023   1 19   4.8   2.9
2023   1 20   3.5   3.5
2023   1 21   4.5   2.9
2023   1 22   4.4   3.0
2023   1 23   4.6   3.0
2023   2  0   4.6   3.1
2023   2  1   4.7   3.0
2023   2  2   4.6   3.0
2023   2  3   4.6   2.8
2023   2  4   4.8   3.0
2023   2  5   4.5   2.9
2023   2  6   4.2   2.7
2023   2  7   4.2   2.6
2023   2  8   3.9   2.6
2023   2  9   2.7   3.1
2023   2 10   2.5   3.0
2023   2 11   3.0   3.0
2023   2 12   3.4   3.4
2023   2 13   3.5   3.8
2023   2 14   3.9   3.1
2023   2 15   2.8   3.3
2023   2 16   2.5   4.0
2023   2 17   3.4   4.1
2023   2 18   3.6   4.4
2023   2 19   3.5   4.7
2023   2 20   3.5   4.4
2023   2 21   3.7   4.5
2023   2 22   3.9   4.4
2023   2 23   3.7   4.4
2023   3  0   3.2   4.6
2023   3  1   3.4   4.2
2023   3  2   3.9   4.2
2023   3  3   3.8   3.9
2023   3  4   3.3   3.8
2023   3  5   3.3   3.6
2023   3  6   2.7   3.9
2023   3  7   2.4   3.8
2023   3  8   2.7   3.7
2023   3  9   3.0   3.7
2023   3 10   3.0   4.0
2023   3 11   2.9   4.0
2023   3 12   2.7   3.8
2023   3 13   3.3   3.7
2023   3 14   3.3   4.4
2023   3 15   3.4   4.6
2023   3 16   4.8   4.8
2023   3 17   5.4   5.4
2023   3 18   6.4   5.7
2023   3 19   5.3   7.3
2023   3 20   5.8   7.6
2023   3 21   5.8   8.7
2023   3 22   7.4  11.8
2023   3 23   9.1  13.6
2023   4  0  11.1  14.1
2023   4  1  11.8  14.3
2023   4  2  10.3  17.3
2023   4  3  12.1   5.4
2023   4  4  13.0   3.2
2023   4  5  14.2   3.6
2023   4  6  16.1   3.3
2023   4  7  17.3   5.2
2023   4  8  18.4   7.3
2023   4  9  18.7   7.1
2023   4 10  18.8   5.3
2023   4 11  18.8   4.6
2023   4 12  18.7   3.8
2023   4 13  18.2   4.9
2023   4 14  16.8  12.2
2023   4 15  15.4  25.4
2023   4 16  15.6  23.8
2023   4 17  15.8  16.1
2023   4 18  16.5  11.6
2023   4 19  16.8  13.9
2023   4 20  17.3  12.3
2023   4 21  17.6  10.1
2023   4 22  17.5  11.1
2023   4 23  17.0  11.6
2023   5  0  16.8  12.6
2023   5  1  16.8  12.9
2023   5  2  17.7  11.5
2023   5  3  19.1  13.0
2023   5  4  20.0  14.2
2023   5  5  19.4  14.5
2023   5  6  19.3  17.1
2023   5  7  19.3  18.2
2023   5  8  18.3  17.7
2023   5  9  18.2  14.6
2023   5 10  16.9  14.1
2023   5 11  16.6  12.7
2023   5 12  15.6  10.3
2023   5 13  14.4  12.1
2023   5 14  14.1   7.4
2023   5 15  13.0   8.1
2023   5 16  12.1   9.1
2023   5 17  11.9   8.5
2023   5 18  11.6   7.7
2023   5 19  11.1   7.4
2023   5 20  10.8   6.9
2023   5 21  11.3   6.0
2023   5 22  11.0   5.0
2023   5 23   8.9   4.4
